INSERT INTO sales_item VALUES 
(24, 70, 2, 0.11, false, 0.0), 
(8, 37, 2, 0.16, false, 0.0), 
(24, 90, 2, 0.06, false, 0.0), 
(34, 83, 2, 0.13, false, 0.0), 
(26, 55, 2, 0.13, false, 0.0), 
(19, 26, 1, 0.19, false, 0.0), 
(23, 2, 1, 0.13, false, 0.0), 
(48, 24, 2, 0.15, false, 0.0), 
(30, 11, 2, 0.06, false, 0.0), 
(1, 60, 2, 0.18, false, 0.0), 
(48, 2, 2, 0.12, false, 0.0), 
(35, 34, 2, 0.07, false, 0.0), 
(29, 13, 1, 0.15, false, 0.0), 
(15, 98, 2, 0.13, false, 0.0), 
(27, 35, 2, 0.07, false, 0.0), 
(30, 5, 1, 0.05, false, 0.0), 
(45, 33, 1, 0.09, false, 0.0), 
(31, 20, 1, 0.18, false, 0.0), 
(32, 88, 1, 0.13, false, 0.0), 
(47, 43, 1, 0.09, false, 0.0), 
(23, 20, 2, 0.16, false, 0.0), 
(44, 86, 2, 0.18, false, 0.0), 
(35, 75, 2, 0.12, false, 0.0), 
(24, 49, 1, 0.08, false, 0.0), 
(31, 37, 1, 0.14, false, 0.0), 
(21, 11, 2, 0.14, false, 0.0), 
(21, 71, 2, 0.06, false, 0.0), 
(48, 1, 1, 0.06, false, 0.0), 
(37, 87, 1, 0.11, false, 0.0), 
(38, 66, 1, 0.13, false, 0.0), 
(14, 7, 2, 0.13, false, 0.0), 
(26, 85, 2, 0.2, false, 0.0), 
(21, 83, 2, 0.16, false, 0.0), 
(8, 15, 2, 0.18, false, 0.0), 
(40, 32, 1, 0.19, false, 0.0), 
(49, 38, 1, 0.15, false, 0.0), 
(41, 13, 2, 0.06, false, 0.0), 
(36, 59, 1, 0.1, false, 0.0), 
(14, 46, 2, 0.14, false, 0.0), 
(30, 77, 2, 0.19, false, 0.0), 
(12, 78, 2, 0.18, false, 0.0), 
(5, 21, 1, 0.18, false, 0.0), 
(10, 13, 1, 0.09, false, 0.0), 
(39, 9, 2, 0.2, false, 0.0), 
(46, 51, 2, 0.13, false, 0.0), 
(47, 98, 1, 0.15, false, 0.0), 
(25, 83, 2, 0.09, false, 0.0), 
(36, 56, 2, 0.12, false, 0.0), 
(18, 8, 2, 0.12, false, 0.0), 
(35, 17, 1, 0.14, false, 0.0), 
(41, 70, 1, 0.14, false, 0.0), 
(9, 21, 1, 0.07, false, 0.0), 
(42, 46, 1, 0.09, false, 0.0), 
(18, 74, 1, 0.1, false, 0.0), 
(25, 14, 1, 0.16, false, 0.0), 
(44, 57, 1, 0.13, false, 0.0), 
(2, 84, 2, 0.06, false, 0.0), 
(18, 68, 2, 0.08, false, 0.0), 
(35, 64, 2, 0.16, false, 0.0), 
(49, 79, 1, 0.07, false, 0.0), 
(7, 3, 2, 0.14, false, 0.0), 
(42, 40, 2, 0.15, false, 0.0), 
(8, 48, 2, 0.18, false, 0.0), 
(27, 82, 2, 0.08, false, 0.0), 
(21, 63, 1, 0.1, false, 0.0), 
(42, 21, 2, 0.08, false, 0.0), 
(31, 23, 2, 0.18, false, 0.0), 
(29, 7, 1, 0.11, false, 0.0), 
(48, 29, 2, 0.14, false, 0.0), 
(15, 49, 2, 0.15, false, 0.0), 
(34, 37, 1, 0.16, false, 0.0), 
(22, 35, 1, 0.19, false, 0.0), 
(22, 29, 2, 0.11, false, 0.0), 
(38, 92, 2, 0.08, false, 0.0), 
(21, 11, 2, 0.17, false, 0.0), 
(13, 72, 1, 0.09, false, 0.0), 
(12, 7, 1, 0.17, false, 0.0), 
(41, 11, 2, 0.13, false, 0.0), 
(22, 26, 2, 0.09, false, 0.0), 
(43, 91, 1, 0.13, false, 0.0), 
(33, 60, 1, 0.1, false, 0.0), 
(39, 82, 2, 0.2, false, 0.0), 
(27, 72, 2, 0.17, false, 0.0), 
(10, 79, 2, 0.12, false, 0.0), 
(41, 78, 2, 0.15, false, 0.0), 
(11, 43, 1, 0.05, false, 0.0), 
(29, 76, 1, 0.08, false, 0.0), 
(25, 60, 1, 0.15, false, 0.0), 
(15, 83, 2, 0.09, false, 0.0), 
(7, 46, 1, 0.07, false, 0.0), 
(26, 24, 2, 0.1, false, 0.0), 
(43, 22, 2, 0.08, false, 0.0), 
(47, 99, 1, 0.06, false, 0.0), 
(29, 26, 1, 0.12, false, 0.0), 
(36, 36, 2, 0.06, false, 0.0), 
(41, 15, 1, 0.08, false, 0.0), 
(12, 47, 2, 0.15, false, 0.0), 
(38, 17, 1, 0.05, false, 0.0), 
(22, 32, 2, 0.13, false, 0.0), 
(12, 99, 2, 0.11, false, 0.0), 
(30, 27, 2, 0.15, false, 0.0), 
(38, 40, 1, 0.15, false, 0.0), 
(22, 36, 1, 0.09, false, 0.0), 
(14, 55, 2, 0.07, false, 0.0), 
(1, 69, 1, 0.07, false, 0.0), 
(47, 88, 1, 0.1, false, 0.0), 
(7, 72, 2, 0.07, false, 0.0), 
(46, 13, 1, 0.18, false, 0.0), 
(9, 10, 1, 0.15, false, 0.0), 
(35, 40, 1, 0.13, false, 0.0), 
(15, 82, 2, 0.07, false, 0.0), 
(47, 34, 1, 0.14, false, 0.0), 
(10, 53, 1, 0.08, false, 0.0), 
(49, 34, 2, 0.06, false, 0.0), 
(13, 43, 1, 0.19, false, 0.0), 
(6, 67, 1, 0.08, false, 0.0), 
(21, 11, 1, 0.12, false, 0.0), 
(26, 94, 1, 0.13, false, 0.0), 
(38, 66, 1, 0.19, false, 0.0), 
(40, 68, 2, 0.16, false, 0.0), 
(25, 84, 1, 0.18, false, 0.0), 
(11, 28, 1, 0.18, false, 0.0), 
(48, 20, 1, 0.12, false, 0.0), 
(26, 3, 1, 0.12, false, 0.0), 
(1, 75, 1, 0.19, false, 0.0), 
(6, 58, 1, 0.12, false, 0.0), 
(33, 43, 2, 0.11, false, 0.0), 
(15, 70, 1, 0.15, false, 0.0), 
(41, 72, 2, 0.14, false, 0.0), 
(8, 77, 2, 0.18, false, 0.0), 
(36, 85, 2, 0.18, false, 0.0), 
(42, 57, 2, 0.18, false, 0.0), 
(27, 71, 1, 0.19, false, 0.0), 
(20, 40, 1, 0.18, false, 0.0), 
(14, 23, 2, 0.16, false, 0.0), 
(15, 73, 1, 0.12, false, 0.0), 
(25, 60, 1, 0.12, false, 0.0), 
(30, 10, 2, 0.11, false, 0.0), 
(18, 90, 2, 0.09, false, 0.0), 
(17, 6, 2, 0.13, false, 0.0), 
(43, 17, 1, 0.08, false, 0.0), 
(20, 33, 2, 0.11, false, 0.0), 
(1, 94, 2, 0.1, false, 0.0), 
(49, 22, 2, 0.09, false, 0.0), 
(1, 55, 2, 0.1, false, 0.0), 
(24, 59, 1, 0.14, false, 0.0), 
(19, 45, 1, 0.17, false, 0.0), 
(13, 80, 2, 0.1, false, 0.0), 
(17, 50, 1, 0.08, false, 0.0), 
(45, 3, 2, 0.13, false, 0.0), 
(6, 92, 2, 0.19, false, 0.0), 
(25, 4, 1, 0.08, false, 0.0), 
(47, 81, 1, 0.16, false, 0.0), 
(39, 39, 2, 0.17, false, 0.0), 
(47, 79, 1, 0.12, false, 0.0), 
(6, 8, 1, 0.17, false, 0.0), 
(15, 60, 2, 0.11, false, 0.0), 
(49, 66, 1, 0.15, false, 0.0), 
(34, 44, 2, 0.09, false, 0.0), 
(20, 10, 1, 0.1, false, 0.0), 
(13, 35, 1, 0.12, false, 0.0), 
(10, 43, 1, 0.13, false, 0.0), 
(24, 51, 2, 0.09, false, 0.0), 
(11, 42, 2, 0.14, false, 0.0), 
(20, 54, 1, 0.17, false, 0.0), 
(42, 35, 1, 0.1, false, 0.0), 
(1, 47, 2, 0.17, false, 0.0), 
(35, 98, 1, 0.11, false, 0.0), 
(14, 25, 1, 0.18, false, 0.0), 
(23, 41, 2, 0.13, false, 0.0), 
(4, 74, 2, 0.15, false, 0.0), 
(32, 47, 2, 0.11, false, 0.0), 
(49, 72, 2, 0.17, false, 0.0), 
(37, 59, 2, 0.11, false, 0.0), 
(43, 98, 1, 0.16, false, 0.0), 
(26, 28, 1, 0.15, false, 0.0), 
(16, 87, 1, 0.16, false, 0.0), 
(6, 49, 2, 0.07, false, 0.0), 
(6, 14, 2, 0.2, false, 0.0), 
(27, 88, 1, 0.19, false, 0.0), 
(37, 38, 1, 0.13, false, 0.0), 
(44, 8, 1, 0.18, false, 0.0), 
(49, 13, 1, 0.11, false, 0.0), 
(30, 61, 2, 0.09, false, 0.0), 
(33, 45, 2, 0.09, false, 0.0), 
(24, 70, 2, 0.05, false, 0.0), 
(42, 49, 2, 0.14, false, 0.0), 
(43, 83, 1, 0.16, false, 0.0), 
(39, 77, 2, 0.12, false, 0.0), 
(1, 65, 1, 0.19, false, 0.0), 
(42, 77, 1, 0.1, false, 0.0), 
(2, 37, 2, 0.11, false, 0.0), 
(24, 59, 2, 0.07, false, 0.0), 
(42, 88, 1, 0.17, false, 0.0), 
(45, 21, 1, 0.18, false, 0.0), 
(10, 75, 2, 0.05, false, 0.0), 
(15, 9, 2, 0.15, false, 0.0), 
(24, 82, 2, 0.09, false, 0.0), 
(30, 87, 1, 0.15, false, 0.0), 
(22, 57, 1, 0.19, false, 0.0);